13.558612
12.044309
11.908617
11.916899
11.926909
11.933043
11.955014
11.939499
11.930400
11.898205
11.985738
11.924369
12.043731
11.915319
11.949596
11.902414
11.932564
11.933588
11.940760
11.915875
11.921866
12.113127
11.728041
11.677320
11.728546
11.729508
11.705411
11.704724
11.704752
11.699297
11.712844
11.676541
11.724059
11.701177
11.822918
11.684380
11.719160
11.732517
11.707244
11.696640
11.836353
11.698996
11.710668
11.697822
11.734375
11.706565
11.738202
11.699254
11.713410
11.777262
