2.656005
2.830338
2.753806
2.623079
3.217555
2.617902
2.543202
2.769936
2.823345
2.502165
4.053918
3.714190
2.492581
2.542398
2.667299
2.593593
2.547005
2.597857
2.467157
2.500026
3.747756
2.626486
6.004367
6.119465
2.638135
2.963202
3.223340
2.728544
2.661142
2.637169
2.616900
4.621292
3.036815
2.868650
2.921689
2.482724
2.616502
2.803530
2.887084
2.620373
2.612548
2.828916
2.551242
2.501491
2.591555
2.570012
2.520379
4.252257
2.533457
3.051325
2.653592
2.731740
0.012802
2.700260
3.340934
3.677911
2.827744
3.490620
3.019878
4.533414
2.832051
5.012048
3.510301
2.474444
2.740180
2.719609
3.446441
2.564453
2.548834
5.090910
2.488010
2.805271
2.608228
2.555069
2.880848
2.550536
2.528538
2.554304
2.712142
2.443143
2.674148
5.992142
2.464221
3.011095
5.445707
2.710134
2.529827
2.447910
2.546675
2.456717
2.570797
3.503129
