3.236527
3.893523
3.132771
3.401029
3.079912
2.687881
3.982675
2.840609
3.189077
3.122419
3.178982
2.900814
3.174286
3.946095
2.622952
2.908104
2.908276
3.008015
4.119359
3.047754
2.776861
2.836960
2.490763
2.895481
2.931126
2.770753
2.648755
2.543803
2.724688
3.314775
5.500308
2.581838
3.306335
2.555633
2.548121
2.761133
2.463189
2.692199
2.564934
4.881768
2.408195
2.481183
2.464537
2.480600
2.555183
2.627342
2.529271
2.587788
2.911712
2.697966
2.968152
2.106743
0.045705
0.053276
0.011835
2.256508
12.254054
1.739681
0.039116
0.000352
0.000959
0.000908
0.000665
0.000287
0.001257
0.002135
0.001163
0.000562
0.000486
0.000893
0.001224
0.000631
0.001217
0.004108
0.040540
